43336
14163
3053
13998
14355
5810
9935
2731
38562
16524
4252
5869
6940
5834
16035
24381
12495
12509
13539
12499
42885
12519
5361
35166
11652
6421
43250
3061
11839
5588
18794
13862
5641
13048
6032
12858
10330
12451
5209
10152
13219
44533
25614
6440
3396
13599
8480
35751
42614
6372
35184
9375
45724
6279
39414
14619
12356
6662
6190
3851
7116
6016
12561
12070
4338
12259
8961
4448
6232
34925
10470
6928
12460
6768
11580
14755
45643
3100
13434
6193
3234
12870
40815
6515
11632
7932
39596
6855
3313
5161
8459
6838
5596
2823
6689
5962
12961
5885
6171
6512
17624
23848
12972
6885
6601
3022
23669
6636
3758
19431
9662
4269
4347
11859
20118
10605
36817
14208
21935
3431
6545
7714
13404
10823
4598
8251
20328
6189
6673
5912
7056
9859
3053
11259
17209
7068
14641
40040
19883
14896
6323
6754
2551
14167
5637
3016
6258
6035
41222
6935
6364
6913
10968
16521
7191
6670
7873
7097
12842
12563
43546
15409
14572
12586
10462
4153
14502
12616
8038
5699
45698
46706
6978
4488
2840
6515
10309
6626
3056
40392
22692
2418
17222
6978
5777
6586
12002
13234
14593
11834
5920
5478
6623
8341
11405
26279
12362
35169
3090
11160
5489
4473
8682
6258
17832
12601
3433
4860
21951
6372
9871
24839
15089
3786
46573
10826
6303
6213
38707
8749
7998
35423
2642
10067
12730
3183
2538
5884
6840
3544
40723
45219
5213
24016
22262
4310
16754
19691
34528
6912
6673
6252
6815
35347
18460
3453
2595
3087
9094
7000
6485
27506
14361
44394
5434
14125
6316
10476
5528
14296
14587
3672
14454
11982
3170
3009
2760
27807
